1	1	3626764237			
-1	1	2488626091			
1	1	1138138146			
-1	2	471398782			2488626090			
1	2	3366389305			3564191072			
1	2	2894990523			1075564982			
1	4	3626764237			1654615998			3255389356			3823568514			
1	4	173879092			1112038970			4146640122			2195908194			
1	5	3800643329			2766654968			3107062182			1724509413			1			
1	8	2087043557			1739178872			3943786419			3366389305			3564191072			1302718217			4156669319			2046968324			
1	8	3652757268			2937688618			1418186270			2027837527			2404381470			432508404			1519522183			1864753826			
1	8	1444833529			381900195			1067005394			1099259537			1673605247			1735226622			1381224206			3911722151			
1	16	3626764237			1654615998			3255389356			3823568514			1806341205			173879092			1112038970			4146640122			2195908194			2087043557			1739178872			3943786419			3366389305			3564191072			1302718217			4156669319			
-1	16	73935819			1266275550			815110753			1709817593			420194036			3663772886			2962893606			3870781971			1160363780			3978245965			434486243			642210027			1357278677			2876781025			2267129768			1890585825			
1	16	3552828418			388340448			2440278603			2113750921			1386147169			805073502			2444112659			275858150			1035544414			2403764888			1304692628			3301576392			2009110628			687410047			3330555745			2266083493			
-1	32	2007623918			73935818			1266275550			815110753			1709817593			420194036			3663772886			2962893606			3870781971			1160363780			3978245965			434486243			642210027			1357278677			2876781025			2267129768			1890585825			3862458891			2775445112			2430213469			2936912810			1671227718			1544369728			373614659			3416742071			143424574			1921896187			2246225913			2393613804			578489441			2055770469			3176161340			
-1	32	3682958541			845337730			1962843198			2370952635			3903197756			3949455150			29113185			2920343261			536496031			2113378857			8711793			288476532			2193496573			3826567406			3000263188			1927292488			3044742396			1260309122			3758909366			1943726485			2865814725			796858769			333934852			1974466878			3422221987			155312269			861454008			1704304749			1944631896			1771171208			3059488753			2383753978			
-1	33	1395615163			919273549			3229118748			3186063388			1318048053			74681891			3692886072			1588269571			112310707			3273742638			3986957758			722962775			2835706600			888878787			1582076918			4194422257			640360925			827800718			2239387183			78972659			1507760240			2468086488			1878304580			2348081537			2543996762			298736844			2783350195			3950530662			43278404			2349660650			820291926			1264948023			1			
