1	1	3626764237
-1	1	2488626091
1	2	1820423032			1

-1	2	471398782			2488626090
1	2	3366389305			3564191072
-1	3	3837788087			1757849866			1

1	4	3626764237			1654615998			3255389356			3823568514
1	4	173879092			1112038970			4146640122			2195908194
1	4	3452885145			542577028			3403716530			1627660319

1	8	2087043557			1739178872			3943786419			3366389305			3564191072			1302718217			4156669319			2046968324
1	8	3652757268			2937688618			1418186270			2027837527			2404381470			432508404			1519522183			1864753826
1	8	2729253585			3096457549			2525600148			1338551778			1159809602			870209813			2637147136			182214498

1	16	3626764237			1654615998			3255389356			3823568514			1806341205			173879092			1112038970			4146640122			2195908194			2087043557			1739178872			3943786419			3366389305			3564191072			1302718217			4156669319
-1	16	73935819			1266275550			815110753			1709817593			420194036			3663772886			2962893606			3870781971			1160363780			3978245965			434486243			642210027			1357278677			2876781025			2267129768			1890585825
1	17	3700700056			2920891548			4070500109			1238418811			2226535242			3837651978			4074932576			3722454797			3356271975			1770322226			2173665116			291029150			428700687			2146004802			3569847986			1752287848			1

-1	32	2007623918			73935818			1266275550			815110753			1709817593			420194036			3663772886			2962893606			3870781971			1160363780			3978245965			434486243			642210027			1357278677			2876781025			2267129768			1890585825			3862458891			2775445112			2430213469			2936912810			1671227718			1544369728			373614659			3416742071			143424574			1921896187			2246225913			2393613804			578489441			2055770469			3176161340
-1	32	3682958541			845337730			1962843198			2370952635			3903197756			3949455150			29113185			2920343261			536496031			2113378857			8711793			288476532			2193496573			3826567406			3000263188			1927292488			3044742396			1260309122			3758909366			1943726485			2865814725			796858769			333934852			1974466878			3422221987			155312269			861454008			1704304749			1944631896			1771171208			3059488753			2383753978
-1	32	2619632673			3523565383			3598399647			2739125413			2101587132			765706181			3634659700			42550345			3334285940			3341952219			3969534171			146009711			2743680750			1825678566			4171485132			339837279			3140810725			2602149768			3311503042			486486983			71098085			874368949			1210434876			2694115077			4289487379			4283079600			1060442178			541921164			448981908			3102285529			3291249011			792407361

