1	1	3626764237
-1	1	2488626091
-1	2	3887916271			2101450251

-1	2	471398782			2488626090
1	2	3366389305			3564191072
-1	4	144343310			518349310			3561914768			2065193581

1	4	3626764237			1654615998			3255389356			3823568514
1	4	173879092			1112038970			4146640122			2195908194
1	8	3587782820			2334918450			1300534428			3756027578			4018615291			1166923056			3494519302			1954893915

1	8	2087043557			1739178872			3943786419			3366389305			3564191072			1302718217			4156669319			2046968324
1	8	3652757268			2937688618			1418186270			2027837527			2404381470			432508404			1519522183			1864753826
1	16	2466744548			1668674208			1957431393			2461856093			2571372982			4226351980			1459940700			3999333988			2698510543			2400841286			4038453879			2721778777			143836120			3505417313			285565669			888735991

1	16	3626764237			1654615998			3255389356			3823568514			1806341205			173879092			1112038970			4146640122			2195908194			2087043557			1739178872			3943786419			3366389305			3564191072			1302718217			4156669319
-1	16	73935819			1266275550			815110753			1709817593			420194036			3663772886			2962893606			3870781971			1160363780			3978245965			434486243			642210027			1357278677			2876781025			2267129768			1890585825
-1	32	797023887			145011821			3990526993			4056981593			1012038472			835040718			1671771951			2683945218			2373688027			3547627774			2686215803			2207673304			3649290545			2350959116			1535827411			838774212			1742910268			2655105738			2094269644			363203453			3078973181			1671727180			1067937351			3929768245			361026767			3254314702			2841451874			1052092332			331473276			2440429225			3622805472			1829708948

-1	32	2007623918			73935818			1266275550			815110753			1709817593			420194036			3663772886			2962893606			3870781971			1160363780			3978245965			434486243			642210027			1357278677			2876781025			2267129768			1890585825			3862458891			2775445112			2430213469			2936912810			1671227718			1544369728			373614659			3416742071			143424574			1921896187			2246225913			2393613804			578489441			2055770469			3176161340
-1	32	3682958541			845337730			1962843198			2370952635			3903197756			3949455150			29113185			2920343261			536496031			2113378857			8711793			288476532			2193496573			3826567406			3000263188			1927292488			3044742396			1260309122			3758909366			1943726485			2865814725			796858769			333934852			1974466878			3422221987			155312269			861454008			1704304749			1944631896			1771171208			3059488753			2383753978
1	64	3179859606			293144957			1108262808			2117565600			1936226735			4359663			3611239272			1584627647			2867677285			1806926134			697907060			3569626304			2007310535			2561548902			1226301217			1981311641			2461460293			59696165			2384127599			3785153863			2582090056			896283787			3200217706			600756731			364910139			3044908029			406975126			3049329102			3807802999			3048249298			4269381612			1841443465			1166713553			1984137938			4014333677			1589217923			2451768966			401913670			4075301400			1696374108			2197083461			6977862			330119181			3110142557			2994523864			1021568501			1186011756			1524281335			2686194074			1274448081			2444960143			2608802242			117525928			3835730953			3041568670			804358160			797186414			3032479807			10882760			2118079321			1044095747			2959793281			2333267930			1762804396

